<?xml version="1.0"?>
<opencv_storage>
<intrinsic type_id="opencv-matrix">
  <rows>3</rows>
  <cols>3</cols>
  <dt>f</dt>
  <data>
    5.81399719e+002 0. 3.17410492e+002 0. 5.78456116e+002
    1.37808365e+002 0. 0. 1.</data></intrinsic>
<distortion type_id="opencv-matrix">
  <rows>1</rows>
  <cols>4</cols>
  <dt>f</dt>
  <data>
    -5.16806960e-001 2.71592855e-001 4.40666080e-003 -1.29973365e-003</data></distortion>
</opencv_storage>
